7.071067811865475727e-01 7.071067811865474617e-01 0.000000000000000000e+00 0.000000000000000000e+00 0.000000000000000000e+00 0.000000000000000000e+00 0.000000000000000000e+00 0.000000000000000000e+00 0.000000000000000000e+00 0.000000000000000000e+00
-5.000000000000000000e-01 5.000000000000001110e-01 7.071067811865474617e-01 0.000000000000000000e+00 0.000000000000000000e+00 0.000000000000000000e+00 0.000000000000000000e+00 0.000000000000000000e+00 0.000000000000000000e+00 0.000000000000000000e+00
3.535533905932737309e-01 -3.535533905932737864e-01 5.000000000000001110e-01 7.071067811865474617e-01 0.000000000000000000e+00 0.000000000000000000e+00 0.000000000000000000e+00 0.000000000000000000e+00 0.000000000000000000e+00 0.000000000000000000e+00
-2.499999999999999445e-01 2.500000000000000000e-01 -3.535533905932737864e-01 5.000000000000001110e-01 7.071067811865474617e-01 0.000000000000000000e+00 0.000000000000000000e+00 0.000000000000000000e+00 0.000000000000000000e+00 0.000000000000000000e+00
1.767766952966368377e-01 -1.767766952966368654e-01 2.500000000000000000e-01 -3.535533905932737864e-01 5.000000000000001110e-01 7.071067811865474617e-01 0.000000000000000000e+00 0.000000000000000000e+00 0.000000000000000000e+00 0.000000000000000000e+00
-1.249999999999999584e-01 1.249999999999999722e-01 -1.767766952966368654e-01 2.500000000000000000e-01 -3.535533905932737864e-01 5.000000000000001110e-01 7.071067811865474617e-01 0.000000000000000000e+00 0.000000000000000000e+00 0.000000000000000000e+00
8.838834764831840496e-02 -8.838834764831841884e-02 1.249999999999999722e-01 -1.767766952966368654e-01 2.500000000000000000e-01 -3.535533905932737864e-01 5.000000000000001110e-01 7.071067811865474617e-01 0.000000000000000000e+00 0.000000000000000000e+00
-6.249999999999997224e-02 6.249999999999997918e-02 -8.838834764831841884e-02 1.249999999999999722e-01 -1.767766952966368654e-01 2.500000000000000000e-01 -3.535533905932737864e-01 5.000000000000001110e-01 7.071067811865474617e-01 0.000000000000000000e+00
4.419417382415919554e-02 -4.419417382415920248e-02 6.249999999999997918e-02 -8.838834764831841884e-02 1.249999999999999722e-01 -1.767766952966368654e-01 2.500000000000000000e-01 -3.535533905932737864e-01 5.000000000000001110e-01 7.071067811865474617e-01
-4.419417382415918860e-02 4.419417382415919554e-02 -6.249999999999997224e-02 8.838834764831840496e-02 -1.249999999999999584e-01 1.767766952966368377e-01 -2.499999999999999445e-01 3.535533905932737309e-01 -5.000000000000000000e-01 7.071067811865475727e-01
