9.238795325112867385e-01 3.826834323650897818e-01 0.000000000000000000e+00 0.000000000000000000e+00 0.000000000000000000e+00 0.000000000000000000e+00 0.000000000000000000e+00 0.000000000000000000e+00 0.000000000000000000e+00 0.000000000000000000e+00
-3.535533905932737864e-01 8.535533905932737309e-01 3.826834323650897818e-01 0.000000000000000000e+00 0.000000000000000000e+00 0.000000000000000000e+00 0.000000000000000000e+00 0.000000000000000000e+00 0.000000000000000000e+00 0.000000000000000000e+00
1.352990250365492531e-01 -3.266407412190941439e-01 8.535533905932737309e-01 3.826834323650897818e-01 0.000000000000000000e+00 0.000000000000000000e+00 0.000000000000000000e+00 0.000000000000000000e+00 0.000000000000000000e+00 0.000000000000000000e+00
-5.177669529663688625e-02 1.250000000000000000e-01 -3.266407412190941439e-01 8.535533905932737309e-01 3.826834323650897818e-01 0.000000000000000000e+00 0.000000000000000000e+00 0.000000000000000000e+00 0.000000000000000000e+00 0.000000000000000000e+00
1.981408347263840380e-02 -4.783542904563622272e-02 1.250000000000000000e-01 -3.266407412190941439e-01 8.535533905932737309e-01 3.826834323650897818e-01 0.000000000000000000e+00 0.000000000000000000e+00 0.000000000000000000e+00 0.000000000000000000e+00
-7.582521472477662949e-03 1.830582617584078017e-02 -4.783542904563622272e-02 1.250000000000000000e-01 -3.266407412190941439e-01 8.535533905932737309e-01 3.826834323650897818e-01 0.000000000000000000e+00 0.000000000000000000e+00 0.000000000000000000e+00
2.901705343069746739e-03 -7.005336393249455597e-03 1.830582617584078017e-02 -4.783542904563622272e-02 1.250000000000000000e-01 -3.266407412190941439e-01 8.535533905932737309e-01 3.826834323650897818e-01 0.000000000000000000e+00 0.000000000000000000e+00
-1.110434560398050868e-03 2.680826175840780173e-03 -7.005336393249455597e-03 1.830582617584078017e-02 -4.783542904563622272e-02 1.250000000000000000e-01 -3.266407412190941439e-01 8.535533905932737309e-01 3.826834323650897818e-01 0.000000000000000000e+00
4.249449089899457214e-04 -1.025907762544927540e-03 2.680826175840780173e-03 -7.005336393249455597e-03 1.830582617584078017e-02 -4.783542904563622272e-02 1.250000000000000000e-01 -3.266407412190941439e-01 8.535533905932737309e-01 3.826834323650897818e-01
-1.760179445650360969e-04 4.249449089899457214e-04 -1.110434560398050868e-03 2.901705343069746305e-03 -7.582521472477662082e-03 1.981408347263840380e-02 -5.177669529663688625e-02 1.352990250365492531e-01 -3.535533905932737864e-01 9.238795325112867385e-01
